18 21
21 21
21 9
9 9
9 12
12 12
12 99
99 99
99 4
4 4
4 101
101 101
101 8
8 8
8 14
14 14
14 7
7 7
7 112
112 112
112 98
98 18
18 21
21 21
21 9
9 9
9 12
12 12
12 99
99 99
99 4
4 4
4 101
101 18
18 21
21 21
21 9
9 9
9 12
12 12
12 99
99 18
18 21
21 9
9 12
12 12
12 99
99 18
18 9
9 18
18 12
12 18
18 99
99 21
21 99
99 4
4 101
101 9
9 4
4 9
9 101
101 12
12 101
101 18
18 101
101 21
21 101
101 99
99 101
101 8
8 14
14 14
14 7
7 7
7 112
112 112
112 98
98 8
8 14
14 14
14 7
7 7
7 112
112 8
8 14
14 7
7 112
112 8
8 7
7 8
8 112
112 14
14 112
112 7
7 98
98 8
8 98
98 14
14 98
98 112
112 98
98 4
4 7
7 9
9 7
7 9
9 8
8 9
9 14
14 12
12 14
14 18
18 14
14 18
18 98
98 21
21 98
98 99
99 98
98 99
99 112
112 101
101 112
18 21
21 21
21 9
9 9
9 12
12 12
12 99
99 99
99 4
4 4
4 101
101 101
101 8
8 8
8 14
14 14
14 7
7 7
7 112
112 112
112 98
98 18
18 21
21 21
21 9
9 9
9 12
12 12
12 99
99 99
99 4
4 4
4 101
101 18
18 21
21 21
21 9
9 9
9 12
12 12
12 99
99 18
18 21
21 9
9 12
12 12
12 99
99 18
18 9
9 18
18 12
12 18
18 99
99 21
21 99
99 4
4 101
101 9
9 4
4 9
9 101
101 12
12 101
101 18
18 101
101 21
21 101
101 99
99 101
101 8
8 14
14 14
14 7
7 7
7 112
112 112
112 98
98 8
8 14
14 14
14 7
7 7
7 112
112 8
8 14
14 7
7 112
112 8
8 7
7 8
8 112
112 14
14 112
112 7
7 98
98 8
8 98
98 14
14 98
98 112
112 98
98 4
4 7
7 9
9 7
7 9
9 8
8 9
9 14
14 12
12 14
14 18
18 14
14 18
18 98
98 21
21 98
98 99
99 98
98 99
99 112
112 101
101 112
18 21
21 9
9 12
12 99
99 4
4 101
101 8
8 14
14 7
7 112
112 18
18 21
21 9
9 12
12 99
99 4
4 18
18 21
21 9
9 12
12 99
99 9
9 12
12 18
18 12
12 18
18 99
99 4
4 101
101 4
4 9
9 101
101 18
18 101
101 99
99 101
101 14
14 7
7 112
112 98
98 14
14 7
7 112
112 7
7 112
112 7
7 8
8 112
112 7
7 98
98 14
14 98
98 112
112 4
4 7
7 9
9 8
8 9
9 14
14 14
14 18
18 98
98 98
98 99
99 112
18 21
21 9
9 12
12 99
99 4
4 101
101 8
8 14
14 7
7 112
112 18
18 21
21 9
9 12
12 99
99 4
4 18
18 21
21 9
9 12
12 99
99 9
9 12
12 18
18 12
12 18
18 99
99 4
4 101
101 4
4 9
9 101
101 18
18 101
101 99
99 101
101 14
14 7
7 112
112 98
98 14
14 7
7 112
112 7
7 112
112 7
7 8
8 112
112 7
7 98
98 14
14 98
98 112
112 4
4 7
7 9
9 8
8 9
9 14
14 14
14 18
18 98
98 98
98 99
99 112
18 21
21 4
4 101
101 7
7 112
112 9
9 12
12 99
99 9
9 12
12 99
99 12
12 18
18 99
99 4
4 9
9 101
101 99
99 101
101 7
7 112
112 14
14 7
7 112
112 7
7 98
98 4
4 7
7 9
9 14
14 18
18 98
18 21
21 4
4 101
101 7
7 112
112 9
9 12
12 99
99 9
9 12
12 99
99 12
12 18
18 99
99 4
4 9
9 101
101 99
99 101
101 7
7 112
112 14
14 7
7 112
112 7
7 98
98 4
4 7
7 9
9 14
14 18
18 98
18 21
21 7
7 112
112 9
9 12
12 99
99 4
4 9
9 101
101 7
7 112
112 7
7 112
112 4
4 7
7 9
9 14
14 18
18 98
18 21
21 7
7 112
112 9
9 12
12 99
99 4
4 9
9 101
101 7
7 112
112 7
7 112
112 4
4 7
7 9
9 14
14 18
18 98
18 21
21 9
9 12
12 99
99 7
7 112
112 4
4 7
7 9
9 14
14 18
18 98
18 21
21 9
9 12
12 99
99 7
7 112
112 4
4 7
7 9
9 14
14 18
18 98
18 21
21 7
7 112
18 21
21 7
7 112
18 21
7 112
9 12
12 99
99 4
4 7
7 9
9 14
14 18
18 98
9 12
12 99
99 4
4 7
7 9
9 14
14 18
18 98
9 12
12 99
4 7
7 9
9 14
14 18
18 98
7 112
112 4
4 9
9 101
101 7
7 112
7 112
112 4
4 9
9 101
101 7
7 112
7 112
112 7
7 112
7 112
112 7
7 112
7 112
7 112
4 9
9 101
4 101
101 9
9 12
12 99
99 12
12 18
18 99
99 99
99 101
101 14
14 7
7 98
4 101
101 9
9 12
12 99
99 12
12 18
18 99
99 99
99 101
101 14
14 7
7 98
4 101
101 12
12 18
18 99
99 14
4 101
101 12
12 18
18 99
99 14
4 101
101 14
4 101
101 14
4 101
12 18
18 99
9 12
12 99
99 99
99 101
101 7
7 98
9 12
12 99
99 99
99 101
101 7
7 98
9 12
12 99
99 7
7 98
9 12
12 99
99 7
7 98
9 12
12 99
7 98
99 101
9 12
12 99
99 8
8 14
14 18
18 21
21 4
4 18
18 21
21 9
9 12
12 18
18 4
4 101
101 18
18 101
101 14
14 98
98 7
7 112
112 7
7 8
8 112
112 14
14 98
98 112
112 8
8 9
9 14
14 98
98 99
99 112
9 12
12 99
99 8
8 14
14 18
18 21
21 4
4 18
18 21
21 9
9 12
12 18
18 4
4 101
101 18
18 101
101 14
14 98
98 7
7 112
112 7
7 8
8 112
112 14
14 98
98 112
112 8
8 9
9 14
14 98
98 99
99 112
9 12
12 99
99 4
4 18
18 21
21 4
4 101
101 14
14 98
98 7
7 8
8 112
112 8
8 9
9 14
14 98
98 99
99 112
9 12
12 99
99 4
4 18
18 21
21 4
4 101
101 14
14 98
98 7
7 8
8 112
112 8
8 9
9 14
14 98
98 99
99 112
9 12
12 99
99 4
4 101
101 7
7 8
8 112
9 12
12 99
99 4
4 101
101 7
7 8
8 112
9 12
12 99
99 7
7 8
8 112
9 12
12 99
99 7
7 8
8 112
9 12
12 99
7 8
8 112
4 101
4 18
18 21
21 14
14 98
98 8
8 9
9 14
14 98
98 99
99 112
4 18
18 21
21 14
14 98
98 8
8 9
9 14
14 98
98 99
99 112
4 18
18 21
21 8
8 9
9 14
14 98
98 99
99 112
4 18
18 21
21 8
8 9
9 14
14 98
98 99
99 112
4 18
18 21
8 9
9 14
14 98
98 99
99 112
14 98
8 14
14 18
18 21
21 9
9 12
12 18
18 18
18 101
101 7
7 112
112 14
14 98
98 112
8 14
14 18
18 21
21 9
9 12
12 18
18 18
18 101
101 7
7 112
112 14
14 98
98 112
8 14
14 18
18 21
21 18
18 101
101 14
14 98
98 112
8 14
14 18
18 21
21 18
18 101
101 14
14 98
98 112
8 14
14 18
18 21
21 14
14 98
98 112
8 14
14 18
18 21
21 14
14 98
98 112
8 14
14 18
18 21
14 98
98 112
18 101
9 12
12 18
18 7
7 112
9 12
12 18
18 7
7 112
9 12
12 18
7 112
21 9
9 12
12 99
99 4
4 101
101 8
8 14
14 7
7 112
112 98
98 21
21 9
9 12
12 99
99 4
4 101
101 21
21 9
9 12
12 18
18 21
21 12
12 99
99 9
9 18
18 21
21 99
99 9
9 12
12 101
101 21
21 101
101 8
8 14
14 7
7 112
112 8
8 14
14 7
7 8
8 14
14 8
8 14
14 112
112 8
8 98
98 98
98 7
7 9
9 12
12 14
14 18
18 21
21 98
98 99
99 101
101 112
21 9
9 12
12 99
99 4
4 101
101 8
8 14
14 7
7 112
112 98
98 21
21 9
9 12
12 99
99 4
4 101
101 21
21 9
9 12
12 18
18 21
21 12
12 99
99 9
9 18
18 21
21 99
99 9
9 12
12 101
101 21
21 101
101 8
8 14
14 7
7 112
112 8
8 14
14 7
7 8
8 14
14 8
8 14
14 112
112 8
8 98
98 98
98 7
7 9
9 12
12 14
14 18
18 21
21 98
98 99
99 101
101 112
21 4
4 101
101 7
7 112
112 21
21 4
4 101
101 9
9 12
12 18
18 21
21 9
9 18
18 21
21 99
99 21
21 101
101 7
7 112
112 7
7 8
8 14
14 8
8 98
98 7
7 9
9 12
12 14
14 18
18 21
21 98
98 99
99 101
101 112
21 4
4 101
101 7
7 112
112 21
21 4
4 101
101 9
9 12
12 18
18 21
21 9
9 18
18 21
21 99
99 21
21 101
101 7
7 112
112 7
7 8
8 14
14 8
8 98
98 7
7 9
9 12
12 14
14 18
18 21
21 98
98 99
99 101
101 112
21 7
7 112
112 4
4 101
101 9
9 18
18 21
21 99
99 7
7 112
112 8
8 98
21 7
7 112
112 4
4 101
101 9
9 18
18 21
21 99
99 7
7 112
112 8
8 98
21 4
4 101
101 7
7 112
21 4
4 101
101 7
7 112
21 7
7 112
21 7
7 112
7 112
4 101
7 112
112 9
9 18
18 21
21 99
99 8
8 98
7 112
112 9
9 18
18 21
21 99
99 8
8 98
7 112
112 8
8 98
7 112
112 8
8 98
7 112
8 98
9 18
18 21
21 99
4 101
101 21
21 9
9 12
12 18
18 21
21 21
21 101
101 7
7 8
8 14
14 7
7 9
9 12
12 14
14 18
18 21
21 98
98 99
99 101
101 112
4 101
101 21
21 9
9 12
12 18
18 21
21 21
21 101
101 7
7 8
8 14
14 7
7 9
9 12
12 14
14 18
18 21
21 98
98 99
99 101
101 112
4 101
101 9
9 12
12 18
18 21
21 7
7 8
8 14
4 101
101 9
9 12
12 18
18 21
21 7
7 8
8 14
4 101
101 7
7 8
8 14
4 101
101 7
7 8
8 14
4 101
7 8
8 14
9 12
12 18
18 21
21 21
21 101
101 7
7 9
9 12
12 14
14 18
18 21
21 98
98 99
99 101
101 112
21 21
21 101
101 7
7 9
9 12
12 14
14 18
18 21
21 98
98 99
99 101
101 112
21 7
7 9
9 12
12 14
14 18
18 21
21 98
98 99
99 101
101 112
21 7
7 9
9 12
12 14
14 18
18 21
21 98
98 99
99 101
101 112
7 9
9 12
12 14
14 18
18 21
21 98
98 99
99 101
101 112
21 101
9 12
12 99
99 8
8 14
14 98
98 9
9 12
12 99
99 21
21 12
12 99
99 9
9 12
12 101
101 8
8 14
14 8
8 14
14 8
8 14
14 112
112 98
9 12
12 99
99 8
8 14
14 98
98 9
9 12
12 99
99 21
21 12
12 99
99 9
9 12
12 101
101 8
8 14
14 8
8 14
14 8
8 14
14 112
112 98
9 12
12 99
99 9
9 12
12 99
99 12
12 99
99 8
8 14
14 8
8 14
14 112
9 12
12 99
99 9
9 12
12 99
99 12
12 99
99 8
8 14
14 8
8 14
14 112
9 12
12 99
99 12
12 99
99 8
8 14
14 112
9 12
12 99
99 12
12 99
99 8
8 14
14 112
9 12
12 99
99 8
8 14
14 112
9 12
12 99
99 8
8 14
14 112
9 12
12 99
8 14
14 112
12 99
9 12
12 99
99 8
8 14
9 12
12 99
99 8
8 14
9 12
12 99
8 14
8 14
14 98
98 21
21 9
9 12
12 101
101 8
8 14
14 98
8 14
14 98
98 21
21 9
9 12
12 101
101 8
8 14
14 98
8 14
14 98
98 9
9 12
12 101
8 14
14 98
98 9
9 12
12 101
8 14
14 98
9 12
12 101
21 8
8 14
14 98
21 8
8 14
14 98
8 14
14 98
